22 1717104054 5.200000 8 5.200000 5.200000 5.200000
22 1717104059 8.400000 14 8.400000 8.400000 8.400000
22 1717104064 9.000000 15 9.000000 9.000000 9.000000
22 1717104069 8.400000 14 8.400000 8.400000 8.400000
22 1717104074 8.400000 14 8.400000 8.400000 8.400000
22 1717104079 7.800000 13 7.800000 7.800000 7.800000
22 1717104084 9.000000 15 9.000000 9.000000 9.000000
22 1717104089 8.400000 14 8.400000 8.400000 8.400000
22 1717104094 8.400000 14 8.400000 8.400000 8.400000
22 1717104099 8.400000 14 8.400000 8.400000 8.400000
22 1717104104 9.000000 15 9.000000 9.000000 9.000000
22 1717104109 7.800000 13 7.800000 7.800000 7.800000
22 1717104114 8.400000 14 8.400000 8.400000 8.400000
22 1717104119 8.400000 14 8.400000 8.400000 8.400000
22 1717104124 8.400000 14 8.400000 8.400000 8.400000
22 1717104129 7.200000 12 7.200000 7.200000 7.200000
22 1717104134 5.400000 9 5.400000 5.400000 5.400000
22 1717104139 7.800000 13 7.800000 7.800000 7.800000
22 1717104144 8.400000 14 8.400000 8.400000 8.400000
22 1717104149 9.000000 15 9.000000 9.000000 9.000000
22 1717104154 8.400000 14 8.400000 8.400000 8.400000
22 1717104159 8.400000 14 8.400000 8.400000 8.400000
22 1717104164 8.400000 14 8.400000 8.400000 8.400000
22 1717104169 8.400000 14 8.400000 8.400000 8.400000
22 1717104174 8.400000 14 8.400000 8.400000 8.400000
22 1717104179 7.800000 13 7.800000 7.800000 7.800000
22 1717104184 6.600000 11 6.600000 6.600000 6.600000
22 1717104189 8.400000 14 8.400000 8.400000 8.400000
22 1717104194 7.800000 13 7.800000 7.800000 7.800000
22 1717104199 8.400000 14 8.400000 8.400000 8.400000
22 1717104204 7.800000 13 7.800000 7.800000 7.800000
22 1717104209 7.800000 13 7.800000 7.800000 7.800000
22 1717104214 7.800000 13 7.800000 7.800000 7.800000
22 1717104219 8.400000 14 8.400000 8.400000 8.400000
22 1717104224 8.400000 14 8.400000 8.400000 8.400000
22 1717104229 8.400000 14 8.400000 8.400000 8.400000
22 1717104234 7.800000 13 7.800000 7.800000 7.800000
22 1717104239 7.800000 13 7.800000 7.800000 7.800000
22 1717104244 9.000000 15 9.000000 9.000000 9.000000
22 1717104249 7.800000 13 7.800000 7.800000 7.800000
22 1717104254 8.400000 14 8.400000 8.400000 8.400000
22 1717104259 8.400000 14 8.400000 8.400000 8.400000
22 1717104264 9.000000 15 9.000000 9.000000 9.000000
22 1717104269 7.800000 13 7.800000 7.800000 7.800000
22 1717104274 9.000000 15 9.000000 9.000000 9.000000
22 1717104279 6.600000 11 6.600000 6.600000 6.600000
22 1717104284 8.400000 14 8.400000 8.400000 8.400000
22 1717104289 8.400000 14 8.400000 8.400000 8.400000
22 1717104294 8.400000 14 8.400000 8.400000 8.400000
22 1717104299 8.400000 14 8.400000 8.400000 8.400000
22 1717104304 8.400000 14 8.400000 8.400000 8.400000
22 1717104309 8.400000 14 8.400000 8.400000 8.400000
22 1717104314 8.400000 14 8.400000 8.400000 8.400000
22 1717104319 7.800000 13 7.800000 7.800000 7.800000
22 1717104324 7.800000 13 7.800000 7.800000 7.800000
22 1717104329 8.400000 14 8.400000 8.400000 8.400000
22 1717104334 8.400000 14 8.400000 8.400000 8.400000
22 1717104339 8.400000 14 8.400000 8.400000 8.400000
22 1717104344 8.400000 14 8.400000 8.400000 8.400000
22 1717104349 8.400000 14 8.400000 8.400000 8.400000
22 1717104354 8.400000 14 8.400000 8.400000 8.400000
22 1717104359 7.800000 13 7.800000 7.800000 7.800000
22 1717104364 8.400000 14 8.400000 8.400000 8.400000
22 1717104369 8.400000 14 8.400000 8.400000 8.400000
22 1717104374 7.800000 13 7.800000 7.800000 7.800000
22 1717104379 7.800000 13 7.800000 7.800000 7.800000
22 1717104384 8.400000 14 8.400000 8.400000 8.400000
22 1717104389 7.800000 13 7.800000 7.800000 7.800000
22 1717104394 7.200000 12 7.200000 7.200000 7.200000
22 1717104399 8.400000 14 8.400000 8.400000 8.400000
22 1717104404 8.400000 14 8.400000 8.400000 8.400000
22 1717104409 8.400000 14 8.400000 8.400000 8.400000
22 1717104414 8.400000 14 8.400000 8.400000 8.400000
22 1717104419 8.400000 14 8.400000 8.400000 8.400000
22 1717104424 8.400000 14 8.400000 8.400000 8.400000
22 1717104429 8.400000 14 8.400000 8.400000 8.400000
22 1717104434 7.800000 13 7.800000 7.800000 7.800000
22 1717104439 8.400000 14 8.400000 8.400000 8.400000
22 1717104444 8.400000 14 8.400000 8.400000 8.400000
22 1717104449 8.400000 14 8.400000 8.400000 8.400000
22 1717104454 8.400000 14 8.400000 8.400000 8.400000
22 1717104459 8.400000 14 8.400000 8.400000 8.400000
22 1717104464 8.400000 14 8.400000 8.400000 8.400000
22 1717104469 8.400000 14 8.400000 8.400000 8.400000
22 1717104474 8.400000 14 8.400000 8.400000 8.400000
22 1717104479 8.400000 14 8.400000 8.400000 8.400000
22 1717104484 8.400000 14 8.400000 8.400000 8.400000
22 1717104489 7.200000 12 7.200000 7.200000 7.200000
22 1717104494 7.800000 13 7.800000 7.800000 7.800000
22 1717104499 8.400000 14 8.400000 8.400000 8.400000
22 1717104504 8.400000 14 8.400000 8.400000 8.400000
22 1717104509 8.400000 14 8.400000 8.400000 8.400000
22 1717104514 8.400000 14 8.400000 8.400000 8.400000
22 1717104519 7.800000 13 7.800000 7.800000 7.800000
22 1717104524 8.400000 14 8.400000 8.400000 8.400000
22 1717104529 8.400000 14 8.400000 8.400000 8.400000
22 1717104534 8.400000 14 8.400000 8.400000 8.400000
22 1717104539 8.400000 14 8.400000 8.400000 8.400000
22 1717104544 8.400000 14 8.400000 8.400000 8.400000
22 1717104549 8.400000 14 8.400000 8.400000 8.400000
22 1717104554 7.800000 13 7.800000 7.800000 7.800000
22 1717104559 7.800000 13 7.800000 7.800000 7.800000
22 1717104564 8.400000 14 8.400000 8.400000 8.400000
22 1717104569 8.400000 14 8.400000 8.400000 8.400000
22 1717104574 9.000000 15 9.000000 9.000000 9.000000
22 1717104579 8.400000 14 8.400000 8.400000 8.400000
22 1717104584 9.000000 15 9.000000 9.000000 9.000000
22 1717104589 8.400000 14 8.400000 8.400000 8.400000
22 1717104594 9.000000 15 9.000000 9.000000 9.000000
22 1717104599 8.400000 14 8.400000 8.400000 8.400000
22 1717104604 7.800000 13 7.800000 7.800000 7.800000
22 1717104609 8.400000 14 8.400000 8.400000 8.400000
22 1717104614 9.000000 15 9.000000 9.000000 9.000000
22 1717104619 7.800000 13 7.800000 7.800000 7.800000
22 1717104624 7.800000 13 7.800000 7.800000 7.800000
22 1717104629 8.400000 14 8.400000 8.400000 8.400000
22 1717104634 8.400000 14 8.400000 8.400000 8.400000
22 1717104639 7.800000 13 7.800000 7.800000 7.800000
22 1717104644 8.400000 14 8.400000 8.400000 8.400000
22 1717104649 7.800000 13 7.800000 7.800000 7.800000
22 1717104654 8.000000 6 8.000000 8.000000 8.000000
